master 190 25418915 48029338 41.9008389 12.499788
nodes 25418915 48029338 25418915 106132629 25418915 172064495 25418915 172064504 270325411 48029338 270325411 94764913 270325411 48029338 270325411 172073409
172064495 -1 41.90076250110419 12.499922156179128 1 0 green
172064504 -1 41.90092733474777 12.499908069942089 2 0 red
94764913 -1 41.900845482205916 12.499580339567089 8 0 red
master 191 25643620 4276749 41.9027733 12.5070116
nodes 25643620 4276749 25643620 108327333 25643620 108327348 25643620 252131965
108327333 -1 41.90269182801074 12.506882940614242 1 0 red
108327348 -1 41.902831386143795 12.507161416242147 1 0 green
252131965 -1 41.90265747193951 12.507077301542811 1 0 red
master 192 25643643 28674038 41.9062237 12.5054854
nodes 25643643 28674038 25643643 84984937 25643643 200858508 25643643 200858510
84984937 -1 41.90632909382189 12.505393288214583 2 0 red
200858508 -1 41.90614205818813 12.505356928721953 1 0 green
200858510 -1 41.90610481575062 12.505540373538635 1 0 red
master 194 26619087 4367454 41.8951133 12.5093984
nodes 26619087 4367454 26619087 23337949 26619087 37825636
23337949 -1 41.89503556850989 12.509531155228657 2 0 red
master 195 32650381 4951340 41.8908966 12.4805457
nodes 32650381 4951340 32650381 32504840 32650381 116237739 32650381 147124637 32650381 147124638
116237739 -1 41.89077600795048 12.480593476665936 2 0 green
147124637 -1 41.890995238939084 12.48044097394546 4 0 red
master 198 93810168 22878426 41.8879387 12.5180619
nodes 93810168 22878426 93810168 38492107 93810168 108058331
38492107 -1 41.88804566892819 12.518150647895752 2 0 red
master 199 93810199 27524296 41.8536474 12.567864
nodes 93810199 27524296 93810199 122374436 93810199 123981336 93810199 202710206 302159121 27524296 302159121 122374419 302159121 27524296 302159121 122400059 302159121 27524296 302159121 122948908
122374436 -1 41.85354997670959 12.567757302673462 1 0 red
123981336 -1 41.8537236417162 12.567729781370742 2 0 green
122374419 -1 41.85367247112567 12.568106738069432 3 0 red
master 200 122546577 22951799 41.9002214 12.4565942
nodes 122546577 22951799 122546577 33198095 122546577 48598991 122546577 186004325
22951799 -1 41.90034665752735 12.456608790437251 5 0 green
33198095 -1 41.900098426364195 12.456559039932296 10 0 red
186004325 -1 41.90022805183065 12.456425518250914 4 0 red
master 201 122547985 22951762 41.8999367 12.4542566
nodes 122547985 22951762 122547985 27852698 122547985 48520541 122547985 190525673
48520541 -1 41.8998799885794 12.454105843185033 1 0 green
190525673 -1 41.89981584623719 12.454303174872047 6 0 red
master 202 122561842 22951719 41.8996055 12.4623087
nodes 122561842 22951719 122561842 33189035 122561842 48520543 247290091 22951657 247290091 193388004
22951719 -1 41.89960655452908 12.46213978925421 4 0 green
master 205 139109274 23920270 41.9145738 12.4717031
nodes 139109274 23920270 139109274 24609456 139109274 28204400 139109274 28264124 139109274 33279736 139109274 96929258
28264124 -1 41.914521021213936 12.471549751527084 2 0 red
33279736 -1 41.91445517524662 12.471759083825459 3 0 green
96929258 -1 41.91446842632978 12.471610934728561 2 0 red
master 206 153473920 48520544 41.9075438 12.4555881
nodes 153473920 48520544 153473920 118709102 153473920 118709887
118709887 -1 41.90766776759791 12.45555993325862 1 0 green
master 207 153531493 15460430 41.9121428 12.4544785
nodes 153531493 15460430 153531493 15460431 153531493 129767549
15460430 -1 41.91218242285628 12.454638841179793 1 0 green
129767549 -1 41.912266736806345 12.454450087539989 5 0 green
129767549 1 41.91201928751303 12.454510072842528 -1 -1 green
master 208 153531502 15460431 41.9118235 12.4531641
nodes 153531502 15460431 153531502 15460432 153531502 48443099 153531502 219168727
15460431 -1 41.91186251580161 12.453324708736746 1 0 green
219168727 -1 41.91172261183014 12.453264917825294 2 0 red
master 209 153531513 48095305 41.9109012 12.449456
nodes 153531513 48095305 153531513 48443290 153531513 85188434 153531513 103851418
48443290 -1 41.91093467533371 12.449618848175145 4 0 red
85188434 -1 41.9107769910936 12.449429821666572 3 0 green
master 210 153548382 15460960 41.9113072 12.4546921
nodes 153548382 15460960 153548382 15460961 153548382 129767549 153548382 184775542
15460960 -1 41.911267526175926 12.454531784557489 1 0 green
129767549 -1 41.91143071248697 12.454660527157474 6 0 green
master 211 153548394 28523603 41.9121734 12.4581592
nodes 153548394 28523603 153548394 54688662 153548394 169506728
28523603 -1 41.91204777439507 12.458152402257092 2 0 green
54688662 -1 41.91213292777697 12.45799924295625 1 0 red
master 213 192082795 20573656 41.8524286 12.5699647
nodes 192082795 20573656 192082795 35795096 192082795 123981337 192082795 147200272 245916600 20573656 245916600 79190359 245916600 20573656 245916600 95670246 245916600 20573656 245916600 128384827
20573656 -1 41.85234003983146 12.569844888003033 1 0 green
147200272 -1 41.8523443518426 12.570089991007581 1 0 red
79190359 -1 41.85240817131965 12.569697450792766 1 0 red
95670246 -1 41.852221416476645 12.569706416156542 1 0 red
master 215 208733152 137153048 41.899074 12.5376556
nodes 208733152 137153048 208733152 137153055 208733152 138006048 208733152 223345797 410177960 23921265 410177960 48980756 410177960 23921265 410177960 138006053
137153048 -1 41.899165775605454 12.537771052538815 1 0 green
138006048 -1 41.89901073426605 12.537509628914938 4 0 green
223345797 -1 41.89919241233781 12.537598823457897 4 0 red
138006053 -1 41.899093808725006 12.537905206660499 4 0 red
master 217 220869225 20573654 41.8950571 12.5745977
nodes 220869225 20573654 220869225 105215542 220869225 129889541 220869225 184817929 220869225 222962282 220869225 222962288
105215542 -1 41.89518194737631 12.574617649502429 13 0 red
129889541 -1 41.8951812476642 12.574571008812937 19 0 green
222962282 -1 41.895038887001846 12.574764823016766 3 0 green
222962288 -1 41.89499124306133 12.574741579117413 4 0 red
master 218 220869237 20573654 41.8948756 12.5745823
nodes 220869237 20573654 220869237 105215544 220869237 105215547 220869237 105215551
20573654 -1 41.8950010785888 12.57459292121913 2 0 green
105215544 -1 41.894882683198105 12.574413664056923 1 0 red
master 219 220869703 69922464 41.8591847 12.5706942
nodes 220869703 69922464 220869703 75738279 220869703 75738282 220869703 184921832
69922464 -1 41.85908356812299 12.57059390623247 3 0 green
75738282 -1 41.85921374583702 12.570858443594423 1 0 green
184921832 -1 41.85906338891962 12.570738548648732 6 0 red
master 222 220869735 27478879 41.8607533 12.5701025
nodes 220869735 27478879 220869735 75738278 220869735 184921832
75738278 -1 41.86080324083686 12.57025742502265 3 0 red
184921832 -1 41.86063278679166 12.570150611862243 11 0 green
master 223 224166720 28524436 41.9093704 12.4488232
nodes 224166720 28524436 224166720 28524467 224166720 48832153 224166720 175921933 224166730 20862750 224166730 28524436 224166730 20862750 224166730 33238119 224166730 20862750 224166730 122224239
48832153 -1 41.90944927138381 12.448691633952476 1 0 green
175921933 -1 41.90948048589074 12.448904808073443 6 0 red
28524436 -1 41.90935269323638 12.448858192891448 1 0 red
122224239 -1 41.90916082569972 12.448952846997866 1 0 red
master 225 224166756 20881235 41.9137557 12.4512354
nodes 224166756 20881235 224166756 48443099 224166756 61129566 224166756 61129567 224166819 20862754 224166819 61129563 224166819 20862754 224166819 61129565 224166819 20862754 224166819 61129567
48443099 -1 41.913650458859095 12.451327836989293 7 0 red
61129566 -1 41.91365684791853 12.45113100031125 2 0 green
61129565 -1 41.913935057376314 12.451281254113658 4 0 red
61129567 -1 41.913733827323 12.451252625364571 1 0 red
master 227 224245351 20869264 41.9217366 12.4478839
nodes 224245351 20869264 224245351 47984078 224245351 61129568 224245351 204472898
204472898 -1 41.92161098237996 12.447890960260397 1 0 red
master 228 224423423 20887615 41.9189165 12.45857
nodes 224423423 20887615 224423423 30018429 224423423 169506731 224423423 169506732 330459478 169506731 330459478 169506734 330459478 169506731 330459478 220272859 330459478 169506731 330459478 220272860
169506732 -1 41.91904215827121 12.458575603052706 1 0 red
220272860 -1 41.9187403050116 12.458402034081347 2 0 red
master 229 224490170 20894076 41.9212173 12.4672853
nodes 224490170 20894076 224490170 121916628 224490170 122726333
122726333 -1 41.921104012533185 12.467212015824593 5 0 green
master 231 224559544 20901242 41.9120093 12.4687147
nodes 224559544 20901242 224559544 28523858 224559544 48204290 224559544 187233981
28523858 -1 41.912129872561984 12.468666818502205 4 0 red
48204290 -1 41.91204767958984 12.468875585759713 2 0 green
master 232 224673785 47985937 41.9118807 12.4436966
nodes 224673785 47985937 224673785 48938526 224673785 48938527 224673785 66178952
47985937 -1 41.91189761583232 12.443529186961117 3 0 green
66178952 -1 41.91198307861677 12.443598532061829 13 0 red
master 233 224673841 20913023 41.9262432 12.4474908
nodes 224673841 20913023 224673841 48832156 224673841 190043676
20913023 -1 41.9261363043413 12.447401840064215 1 0 green
190043676 -1 41.92612119747668 12.44753162904703 8 0 green
master 234 224849982 20931235 41.9100955 12.4473968
nodes 224849982 20931235 224849982 28524520 224849982 33242611 224849982 142413720
28524520 -1 41.90998883384648 12.447307366210744 13 0 red
142413720 -1 41.91016263110497 12.447253953527685 4 0 red
master 235 224850079 28524321 41.9109009 12.4456717
nodes 224850079 28524321 224850079 48938527 224850079 142413720 224850079 191606874
48938527 -1 41.91096085118491 12.445523197064897 13 0 red
191606874 -1 41.91100228692777 12.445771609639618 7 0 red
master 239 245449934 22815344 41.9039045 12.5569312
nodes 245449934 22815344 245449934 23274584 245449934 202461348
22815344 -1 41.90397726225812 12.557068964157985 4 0 green
23274584 -1 41.90403021421958 12.55693364747899 4 0 red
master 240 245551396 22883434 41.8897799 12.5236097
nodes 245551396 22883434 245551396 32505270 245551396 44627122 245551396 189269481
22883434 -1 41.88984758331048 12.523467370318338 2 0 green
44627122 -1 41.88987622729273 12.523718237794627 6 0 green
189269481 -1 41.88989451886508 12.523679110241774 12 0 red
master 242 246066904 119161622 41.875805 12.5216913
nodes 246066904 119161622 246066904 124184906 496286755 40817807 496286755 163500378
124184906 -1 41.87571247021829 12.521805618269287 4 0 red
163500378 -1 41.87577964721525 12.521902755352484 2 0 red
master 243 246067530 22883972 41.8845286 12.5150009
nodes 246067530 22883972 246067530 120514952 246067530 185331808 246067530 185331818
185331808 -1 41.88440677600982 12.514959146582113 1 0 green
185331818 -1 41.88456456525645 12.514839079832248 1 0 red
master 244 246147610 22886026 41.8950046 12.5002442
nodes 246147610 22886026 246147610 22886031 246147610 100304834 246147610 100304837
100304837 -1 41.89511980552402 12.50017655952897 2 0 red
master 245 246515094 27335173 41.9052978 12.3926985
nodes 246515094 27335173 246515094 27358346 246515094 123723873
27358346 -1 41.905176428263616 12.392742580056128 1 0 red
123723873 -1 41.90524087756994 12.392547873827805 1 0 green
master 247 246613426 23481486 41.8674129 12.4961676
nodes 246613426 23481486 246613426 48634796
23481486 -1 41.86753724989033 12.496142676340204 11 0 green
master 250 247169970 22943507 41.9419821 12.5219649
nodes 247169970 22943507 247169970 135417801 247169970 135417825 247169970 220546963
22943507 -1 41.94188630961298 12.521855418962925 1 0 green
135417825 -1 41.942079318854724 12.522072081899474 1 0 green
220546963 -1 41.94206300319046 12.521835513653812 1 0 red
master 253 247179223 122232934 41.9488811 12.5257903
nodes 247179223 122232934 247179223 122232945 247179223 135349574 247179223 183756852 247179223 183756853
122232934 -1 41.94900511616388 12.525818096057987 6 0 green
135349574 -1 41.94886658861919 12.525958217406549 1 0 green
183756853 -1 41.948994548878275 12.525863163610103 8 0 green
master 257 247332686 25752804 41.8905118 12.4743586
nodes 247332686 25752804 247332686 25752823
25752804 -1 41.89063718789987 12.474371003700183 1 0 green
master 258 247335422 121897342 41.8823236 12.4765564
nodes 247335422 121897342 247335422 122106671 247335422 200237249 1125488462 97165960 1125488462 200237034
122106671 -1 41.88242458156846 12.476455796994127 1 0 red
200237249 -1 41.88238166716237 12.476406618411035 1 0 green
200237034 -1 41.882264657022496 12.476695262521469 1 0 red
master 259 247833815 27338044 41.9373323 12.4721624
nodes 247833815 27338044 247833815 108131121 247833815 108131124
108131121 -1 41.93731954856762 12.471994254975767 1 0 red
master 264 247847246 77168983 41.8734224 12.4663686
nodes 247847246 77168983 247847246 77168987 247847246 124262203
124262203 -1 41.873489268467374 12.466225613685413 1 0 green
master 268 247848276 33241540 41.9051989 12.444756
nodes 247848276 33241540 247848276 60611169 247848276 169849726 247848276 173185061 294024252 33241548 294024252 33241556 294024252 33241548 294024252 102576181
60611169 -1 41.90530072458594 12.444656906341647 1 0 red
173185061 -1 41.90510377116373 12.444645544851223 3 0 red
102576181 -1 41.905376312312164 12.444575860149765 3 0 red
master 269 247848277 22989585 41.9062888 12.4459207
nodes 247848277 22989585 247848277 26802907 247848277 33241543 247848277 33241765 247848341 22989606 247848341 33241765 247848341 22989606 247848341 33241766 247848341 22989606 247848341 86198185
26802907 -1 41.906217176449054 12.446059541956783 5 0 red
33241543 -1 41.90618812973348 12.44581949823227 1 0 green
33241765 -1 41.906270504335126 12.445955894454032 1 0 red
86198185 -1 41.906443713706004 12.445917619269906 3 0 red
master 271 247862826 77403074 41.9365046 12.553327
nodes 247862826 77403074 247862826 77403081 247862826 77403087 247862826 122279671 247864303 77403081 247864303 77403088 247864303 77403081 247864303 122279667 247864303 77403081 247864303 128874880
77403081 -1 41.93654938715708 12.553484927165469 1 0 red
122279671 -1 41.936622083193264 12.553266804525443 1 0 red
77403088 -1 41.936423910822754 12.55351690875794 1 0 red
122279667 -1 41.9365892748817 12.553611003361015 1 0 red
master 273 247863116 22990460 41.9279684 12.5641339
nodes 247863116 22990460 247863116 22990480 247863116 69554851 247863116 144049097
22990460 -1 41.92801681662579 12.563977941149341 30 0 green
master 274 247863553 22990467 41.9281227 12.564365
nodes 247863553 22990467 247863553 144049096 247863553 144049101
22990467 -1 41.92817103315985 12.564521006040694 1 0 green
144049101 -1 41.928003607711034 12.564419173143536 1 0 green
master 275 247864302 22991921 41.9355095 12.5540008
nodes 247864302 22991921 247864302 77403079 247864302 77403088 247864302 144049099 247879227 22991921 247879227 77403049 247879227 22991921 247879227 77403074 247879227 22991921 247879227 193527898
22991921 -1 41.93546347022818 12.553843522370013 1 0 green
144049099 -1 41.935392100531324 12.554061287371296 3 0 red
77403049 -1 41.93542331942801 12.553701021062615 1 0 red
77403074 -1 41.935585458457346 12.553798718406997 1 0 red
master 279 248509482 102541386 41.9464741 12.5658096
nodes 248509482 102541386 248509482 102541400 248509482 102541426 248509482 102541431
102541386 -1 41.94658279339052 12.565724639176079 1 0 green
102541426 -1 41.94638213603794 12.565924867047475 1 0 green
102541431 -1 41.94653006218972 12.565960972621443 1 0 red
master 280 248510177 143974237 41.9459131 12.5539296
nodes 248510177 143974237 248510177 143974238 248510177 143974257 248510177 220662226 248510178 95838935 248510178 143974237
143974238 -1 41.94581453765185 12.554034546323306 4 0 red
220662226 -1 41.94580928526237 12.553834246651643 2 0 red
143974237 -1 41.94591047602231 12.553935413829146 1 0 red
master 282 248510835 28315880 41.9422557 12.6296525
nodes 248510835 28315880 248510835 127720430
127720430 -1 41.94219312554425 12.629505892309181 3 0 red
127720430 1 41.942311781872114 12.629803782208313 -1 -1 red
master 283 248510966 122109233 41.9378436 12.5449009
nodes 248510966 122109233 248510966 128874871 248510966 231632434
122109233 -1 41.93792443039703 12.545030359521096 2 0 green
231632434 -1 41.93775748531052 12.545024047322311 14 0 green
master 284 248527514 24240410 41.921355 12.5267872
nodes 248527514 24240410 248527514 100603919
100603919 -1 41.921365441452664 12.52695559054596 1 0 red
master 285 248527517 24240432 41.9212325 12.5263931
nodes 248527517 24240432 248527517 33606503 248527517 128669232 248527517 201474078
128669232 -1 41.92135773920853 12.526378223519428 1 0 green
201474078 -1 41.92122752884341 12.526224258217242 3 0 red
master 286 250725000 23185003 41.9350817 12.5334737
nodes 250725000 23185003 250725000 95806965
23185003 -1 41.93503267721718 12.533318066618826 1 0 green
95806965 -1 41.9351289549525 12.533630318745876 1 0 red
master 287 250909110 24038758 41.8563846 12.4806493
nodes 250909110 24038758 250909110 24587900 250909110 124643459 250909110 124643460 250911593 24038677 250911593 24038759 250911593 24038677 250911593 124643460 250911593 24038677 250911593 137226453
24038758 -1 41.856499987927776 12.48058226354764 2 0 green
124643459 -1 41.85640941739387 12.48048381858146 1 0 green
124643460 -1 41.85637620126924 12.480720004208596 1 0 red
master 289 250911595 24038759 41.8565227 12.480908
nodes 250911595 24038759 250911595 124087391 250911595 124195113
24038759 -1 41.85639754081428 12.480891969388718 1 0 green
124195113 -1 41.85649820699726 12.481073568471551 9 0 green
master 290 251785709 23266153 41.8774267 12.4759438
nodes 251785709 23266153 251785709 124214103 251785709 124214113 251785709 232393137
23266153 -1 41.87736890695538 12.475793838865643 3 0 green
232393137 -1 41.87753914002811 12.475868246772478 1 0 red
master 291 251786906 103775337 41.87865 12.4790503
nodes 251786906 103775337 251786906 103775350 251786906 122652393 251786906 127515696 251786906 200237734
127515696 -1 41.87874348175064 12.479163218550271 1 0 red
200237734 -1 41.87876111446533 12.478971286731904 1 0 green
master 292 251871201 59868795 41.9160298 12.2000148
nodes 251871201 59868795 251871201 59868800 251871201 182261484
59868795 -1 41.9161126797487 12.19988774730176 3 0 green
master 293 251875686 26944221 41.9085893 12.5397624
nodes 251875686 26944221 251875686 26981045 251875686 34585177 251875686 34585326
26944221 -1 41.908715020655876 12.53976415187809 2 0 green
34585326 -1 41.908596693088505 12.53993104813492 4 0 red
master 295 251894804 23198866 41.8558384 12.4844723
nodes 251894804 23198866 251894804 124087416 251894804 232714960 251894812 124195113 251894812 232714960 251894812 124195113 251894812 232714961
23198866 -1 41.8557196756154 12.484416750213342 2 0 green
124087416 -1 41.855860527315805 12.484306133724012 2 0 red
232714960 -1 41.85587247537986 12.48448836697675 1 0 red
master 296 251894807 23785354 41.8560198 12.4843081
nodes 251894807 23785354 251894807 124195113 251894807 232714959 257713963 124087410 257713963 124087416 257713963 124087410 257713963 137226453 257713963 124087410 257713963 232714959
23785354 -1 41.85613867014037 12.484363086033 1 0 green
124195113 -1 41.85599955700141 12.48447469917304 5 0 red
137226453 -1 41.85589483626528 12.484069059905286 4 0 red
232714959 -1 41.855989033347896 12.484292944115598 1 0 red
master 300 252528534 121897328 41.8280063 12.4790627
nodes 252528534 121897328 252528534 124360425 252528534 124598033 252528534 145201011
124360425 -1 41.82794096772028 12.479206858698467 3 0 red
124598033 -1 41.82788904619046 12.47900180575637 8 0 green
master 301 253281900 23393722 41.8509699 12.4859066
nodes 253281900 23393722 253281900 102159390 253281900 102159447 253281901 23393722 253281901 23393723 253281901 23393722 253281901 185140332 253282306 23393722 253282306 102159324 253282306 23393722 253282306 102159439
23393722 -1 41.85106297521918 12.485793126406008 2 0 green
102159390 -1 41.85088156199414 12.485786496176662 1 0 red
185140332 -1 41.85080179058424 12.485877658502341 5 0 red
102159324 -1 41.851132074358276 12.485936858011442 1 0 red
master 303 253282230 23393721 41.8511632 12.485674
nodes 253282230 23393721 253282230 23393722 253282230 102159288 253282230 102159436
23393721 -1 41.851250329805566 12.48555231468516 3 0 green
102159288 -1 41.8512491710447 12.485797162175494 1 0 green
master 305 253705360 23425322 41.8585715 12.4599213
nodes 253705360 23425322 253705360 185130656 253705360 185130660
23425322 -1 41.85849046268452 12.460050364675537 3 0 green
23425322 1 41.858628919944344 12.459771124760941 -1 -1 green
185130656 -1 41.85867178671562 12.460023111491921 3 0 red
master 306 253708636 23425704 41.8457359 12.4788202
nodes 253708636 23425704 253708636 34126870 253708636 51080645
51080645 -1 41.84564776540248 12.478699836301137 9 0 green
master 307 254186175 23472698 41.9431737 12.5525181
nodes 254186175 23472698 254186175 27083666 254186175 102074772 254186175 129253789 254187338 22990385 254187338 23472698 254187338 22990385 254187338 220670098
27083666 -1 41.943143041655254 12.552354170488014 6 0 red
129253789 -1 41.943299085052956 12.552530565748011 6 0 red
23472698 -1 41.94317882139405 12.552544456442517 1 0 red
master 317 255398642 23583926 41.9195328 12.4985167
nodes 255398642 23583926 255398642 23584982 255398642 28093032 255398642 184551772 255398642 184986214
184551772 -1 41.91944040900731 12.498631299668075 2 0 red
184986214 -1 41.91965306480098 12.498565965099198 4 0 green
master 318 255398787 24163859 41.9171721 12.4961807
nodes 255398787 24163859 255398787 28093014 255398787 48655776 255398787 48655780 255398787 189558622
28093014 -1 41.91728053133597 12.496266225283708 1 0 red
48655776 -1 41.91724703223546 12.496045023316851 1 0 green
189558622 -1 41.917055015227746 12.496119136999354 3 0 green
master 319 255398853 23585005 41.9181766 12.496973
nodes 255398853 23585005 255398853 23585025 255398853 28093014 255398853 118762948
23585005 -1 41.91827086824462 12.49708480213812 2 0 green
118762948 -1 41.91826555647409 12.496853594665314 1 0 red
master 320 257710206 23784946 41.8520866 12.4765851
nodes 257710206 23784946 257710206 202332594
23784946 -1 41.85196299377477 12.476615974473438 3 0 green
202332594 -1 41.85196560313413 12.476539235051508 7 0 red
master 322 258995597 23894807 41.9019919 12.502976
nodes 258995597 23894807 258995597 159083058 258995597 180560168 258995597 216249402
159083058 -1 41.90207269584377 12.50284657438454 6 0 red
180560168 -1 41.901987296099094 12.502807190299942 2 0 green
master 323 259121306 23906604 41.858609 12.4709446
nodes 259121306 23906604 259121306 124195115
23906604 -1 41.8585440831788 12.471089165688536 7 0 green
124195115 -1 41.8584865018246 12.470982613109298 1 0 red
master 324 259198909 23585034 41.9104214 12.4982271
nodes 259198909 23585034 259198909 29754417 259198909 35406489 259198909 35406491 259198909 93842568 259198909 95516665 259198909 155056941 259198909 184553787
23585034 -1 41.91054146631726 12.498176975226773 3 0 green
35406491 -1 41.91029606530142 12.498240442786411 2 0 red
95516665 -1 41.91053537139518 12.49815576880691 5 0 red
155056941 -1 41.910510553418185 12.49810797539616 2 0 green
184553787 -1 41.91038902214614 12.498063852949755 1 0 red
master 325 259219124 23902061 41.935334 12.5109073
nodes 259219124 23902061 259219124 33607072 259219124 121992060 259219124 130405510
33607072 -1 41.935456829748794 12.51087122349425 6 0 red
130405510 -1 41.93529664019882 12.511068677164157 2 0 red
master 326 259224135 106314258 41.9763916 12.5079184
nodes 259224135 106314258 259224135 169225009
106314258 -1 41.976265873299006 12.507918970301573 11 0 green
master 327 259224139 59569477 41.976765 12.5086791
nodes 259224139 59569477 259224139 169225010
59569477 -1 41.97663951472648 12.50866860883164 3 0 green
master 329 259264818 30060427 41.9345356 12.4674714
nodes 259264818 30060427 259264818 38232308 259264818 124046206 259264818 143474032
124046206 -1 41.93448347528599 12.467317599917893 2 0 green
143474032 -1 41.934424838223094 12.467551371040287 4 0 red
master 333 259290906 118762911 41.9207906 12.4918148
nodes 259290906 118762911 259290906 155166968 259290906 155166975 259290906 202591022
118762911 -1 41.92087399340716 12.49194125342061 6 0 green
202591022 -1 41.920694368155274 12.491923543027141 4 0 red
master 336 259445374 26986106 41.9087407 12.5454996
nodes 259445374 26986106 259445374 28039707 259445374 80836806 259445374 122365280 259445374 223019754
26986106 -1 41.90862403298515 12.545562570618037 4 0 green
28039707 -1 41.908735965909855 12.545330778963804 1 0 red
122365280 -1 41.90869739386487 12.545340997272636 5 0 red
master 338 259644715 23951330 41.9322115 12.4637719
nodes 259644715 23951330 259644715 48506002 259644715 96054900 259644715 122227130
48506002 -1 41.932113910701794 12.463665345419884 1 0 red
96054900 -1 41.93233705149508 12.463762962800951 3 0 green
master 339 259660087 23953028 41.9182702 12.5199916
nodes 259660087 23953028 259660087 26804744 259660087 84984945 259660087 92699478 259660087 201588770
201588770 -1 41.91814911028958 12.5200370682328 3 0 green
master 340 259688916 23954999 41.8524307 12.5269499
nodes 259688916 23954999 259688916 27572333 259688916 27572711 259688916 151894369 259688916 151964687
27572333 -1 41.85254917047854 12.526893384142975 15 0 red
master 343 260021447 32808739 41.937787 12.6396422
nodes 260021447 32808739 260021447 184905848 260021447 184905853
32808739 -1 41.93781546229252 12.639806829912215 1 0 green
184905853 -1 41.937908339923865 12.639597938399223 2 0 green
master 344 260021503 107367744 41.927451 12.6366054
nodes 260021503 107367744 260021503 107367918 260021503 166812807 260021503 166812809
107367918 -1 41.927539531770215 12.636725390838622 1 0 red
166812809 -1 41.92753711218953 12.636482269101679 1 0 red
master 345 260972788 27027176 41.9143558 12.5698785
nodes 260972788 27027176 260972788 129889547 260972788 129889549 260972788 143323462 260972788 143323472
27027176 -1 41.914406758325384 12.570032956022038 2 0 green
129889547 -1 41.914479147543474 12.569845782121094 25 0 red
143323472 -1 41.9144711249785 12.569811207522728 2 0 green
master 346 260972789 129889549 41.9138839 12.5701498
nodes 260972789 129889549 260972789 143323463 260972789 143323464 260972789 143323473
129889549 -1 41.913999493261024 12.570083344285408 1 0 green
143323463 -1 41.91383508655335 12.569994099231268 2 0 red
master 347 260972793 26967805 41.9102587 12.5720298
nodes 260972793 26967805 260972793 26986423 260972793 122365901 260972793 184762464
26967805 -1 41.910203913505974 12.571877738878229 18 0 green
122365901 -1 41.91038159184203 12.57199412172328 1 0 green
master 348 260972848 26986423 41.9103811 12.5724468
nodes 260972848 26986423 260972848 26986469 260972848 122365900 260972848 129889556
26986423 -1 41.9103350365592 12.572289602086773 2 0 green
129889556 -1 41.910257650937766 12.572478816909609 3 0 red
master 349 260972852 27027168 41.9140386 12.5705422
nodes 260972852 27027168 260972852 129889539 260972852 129889561 260972852 129889570 260972852 143323464
129889539 -1 41.91391498251314 12.570573022973019 22 0 red
129889570 -1 41.913922855890725 12.570608179733792 10 0 red
143323464 -1 41.91397971880357 12.570392918849052 2 0 green
master 350 260972897 27027176 41.9144948 12.5703001
nodes 260972897 27027176 260972897 129889561 260972897 143323471
129889561 -1 41.91437786087105 12.570362158226915 1 0 red
143323471 -1 41.9145421232955 12.570456630900484 2 0 green
master 351 260978438 27028164 41.9034802 12.5855005
nodes 260978438 27028164 260978438 73072241 260978438 190502857
73072241 -1 41.903494498993894 12.585668330999715 7 0 red
73072241 1 41.90346497432794 12.585332816386995 -1 -1 red
190502857 -1 41.903597093448695 12.58556270325793 6 0 green
master 352 260978780 24058001 41.8971955 12.5757897
nodes 260978780 24058001 260978780 35069168 260978780 112887229 260978780 112887237
35069168 -1 41.89717919916093 12.575622215461086 5 0 red
112887229 -1 41.897069907904665 12.575781865332427 2 0 green
master 353 260981904 39316339 41.8353977 12.5520347
nodes 260981904 39316339 260981904 124198516 260981904 234997585
234997585 -1 41.8352856796127 12.552111318548898 1 0 green
master 354 261027354 24061515 41.5928255 12.6425569
nodes 261027354 24061515 261027354 183315679 261027354 183315688 261027354 183322482
183315679 -1 41.59294539926512 12.6426074917387 1 0 red
183322482 -1 41.59277048655313 12.64270806324623 2 0 red
master 355 261073223 24065444 41.5859646 12.6581251
nodes 261073223 24065444 261073223 24065460 261073223 49136859 261073223 183315662
49136859 -1 41.58588361013967 12.658253671403278 18 0 green
master 356 261073224 24065540 41.5889757 12.6530777
nodes 261073224 24065540 261073224 71317888 261073224 183315657 261073224 183315662
24065540 -1 41.58909007379262 12.653147508527375 14 0 green
183315657 -1 41.588849974275895 12.653076827957886 7 0 green
183315662 -1 41.58889754904016 12.653209380741924 6 0 red
master 357 261073581 24065448 41.5897372 12.6510421
nodes 261073581 24065448 261073581 36010765 261073581 71317888
24065448 -1 41.589849968626645 12.651116431534064 4 0 green
71317888 -1 41.58967931546267 12.651191327316077 3 0 green
71317888 1 41.589791891072885 12.650890733486586 -1 -1 green
master 358 261073740 24065468 41.5950701 12.6591105
nodes 261073740 24065468 261073740 101157594 261073740 229291698 261073740 229801675
101157594 -1 41.595034432286724 12.658949289996484 4 0 red
229291698 -1 41.594947174869255 12.65914579656348 2 0 green
229801675 -1 41.59510357479627 12.659272549472835 1 0 red
master 359 261074504 36010661 41.5994245 12.6520723
nodes 261074504 36010661 261074504 183315700
36010661 -1 41.599302272020196 12.65211169100771 2 0 green
36010661 1 41.59955021502754 12.652069939855709 -1 -1 green
183315700 -1 41.59931043538174 12.652001581971728 2 0 red
master 360 261074788 24065540 41.5916671 12.654773
nodes 261074788 24065540 261074788 24065581 261074788 24065601
24065540 -1 41.59177755058439 12.654853315014414 7 0 green
24065540 1 41.591553890392156 12.65469987541871 -1 -1 green
master 361 261075086 24065586 41.5974217 12.6496245
nodes 261075086 24065586 261075086 72127715 261075086 72235672 261075086 183318486
24065586 -1 41.597535031492754 12.649697293795285 7 0 green
72235672 -1 41.59747554502158 12.649472574615423 4 0 green
master 362 261075357 24065610 41.6002028 12.6834285
nodes 261075357 24065610 261075357 24065637 261075357 24089451 261075357 229411246
24065610 -1 41.60016851860622 12.683266741225358 16 0 green
24089451 -1 41.6003107785204 12.683342370056673 27 0 green
229411246 -1 41.60009424182323 12.683513312784065 34 0 red
master 363 261075449 24065639 41.6032356 12.697878
nodes 261075449 24065639 261075449 24065645 261075449 24065665 261075449 229802126
229802126 -1 41.60320193217909 12.697716003300947 1 0 red
master 364 261214548 30607490 41.6066156 12.7591446
nodes 261214548 30607490 261214548 73001242 261214548 83091529
30607490 -1 41.60672242698396 12.759233266396684 84 0 green
73001242 -1 41.606654638141755 12.758984762955812 46 0 red
73001242 1 41.60657507973797 12.759303773456184 -1 -1 red
master 365 261648726 128565533 41.8879306 12.514061
nodes 261648726 128565533 261648726 177853127
128565533 -1 41.887885544876454 12.513903331058604 4 0 green
master 367 261963301 27414175 41.9130443 12.4723091
nodes 261963301 27414175 261963301 33279940 261963301 179054011
27414175 -1 41.91292822356958 12.472374015924707 14 0 green
179054011 -1 41.912928000259654 12.47224490991444 2 0 green
master 368 261977054 19735692 41.9050171 12.4736531
nodes 261977054 19735692 261977054 25752430
19735692 -1 41.905027194546925 12.473484714366203 3 0 green
master 371 262114870 94247130 41.8519212 12.4353292
nodes 262114870 94247130 262114870 94247309 262114870 122371531
122371531 -1 41.85179547628887 12.435327904253796 16 0 green
master 372 262154754 24225281 41.7664378 12.6169537
nodes 262154754 24225281 262154754 42772613 262154754 202904763 262154754 202904765 534830256 24225281 534830256 42772615 534830256 24225281 534830256 42772616
42772613 -1 41.7663277379176 12.616872216269462 3 0 red
202904763 -1 41.76633509841619 12.617050934781153 3 0 green
master 373 262301061 50635859 41.7751865 12.6214112
nodes 262301061 50635859 262301061 180006532
180006532 -1 41.775072713733834 12.621339489041258 14 0 red
180006532 1 41.77530053226184 12.621482205696598 -1 -1 red
master 374 262318634 24227288 41.725506 12.6180482
nodes 262318634 24227288 262318634 24231574 262318634 218413338
218413338 -1 41.72562488771048 12.617993394453935 105 0 green
218413338 1 41.72538635782478 12.618099973660021 -1 -1 green
master 376 262475865 24242418 41.7929296 12.669406
nodes 262475865 24242418 262475865 49855358 262475865 49855438 262475865 199073020
199073020 -1 41.792956998260834 12.669241417489472 2 0 red
master 377 262476063 24242407 41.7932484 12.667644
nodes 262476063 24242407 262476063 49847437 262476063 49855359 262476063 81632772
49855359 -1 41.79327566961067 12.667479378161609 1 0 green
81632772 -1 41.793363724994784 12.667711165173532 1 0 red
master 378 262476372 24242439 41.7972452 12.6554514
nodes 262476372 24242439 262476372 122381059
24242439 -1 41.797298207892915 12.65560432519786 22 0 green
122381059 -1 41.79712423086329 12.65540544277546 2 0 red
master 380 262476551 24242446 41.8036039 12.6368027
nodes 262476551 24242446 262476551 24242467 262476551 24242479 262476551 28663890 262476551 28663894
24242446 -1 41.803556966733034 12.636959171149947 4 0 green
24242479 -1 41.803653013922215 12.636647437724873 13 0 green
28663894 -1 41.803541036500846 12.636656633215509 11 0 green
master 381 262477147 24242801 41.815364 12.6184981
nodes 262477147 24242801 262477147 28883946 262477147 122379760 262477147 137112602 262477163 28883946 262477163 122401592 262477163 28883946 262477163 122401597 262477163 28883946 262477163 137112606
28883946 -1 41.815266490113025 12.618391608939223 1 0 red
122379760 -1 41.81528174544863 12.618625682612327 15 0 green
137112606 -1 41.815383691098276 12.618302107178547 7 0 red
master 383 262520569 27475420 41.8801389 12.5421896
nodes 262520569 27475420 262520569 33972763 262520569 40726919 262520569 40726920 298568696 27475420 298568696 40726917 298568696 27475420 298568696 40726918 298568696 27475420 298568696 218390691
27475420 -1 41.88025274152997 12.542261270667561 4 0 green
40726919 -1 41.88019261615499 12.542036922354551 1 0 green
40726917 -1 41.880212240193465 12.542420684979705 3 0 red
218390691 -1 41.880393230240024 12.542350373171757 1 0 red
master 384 262556477 97085282 41.8738299 12.5699141
nodes 262556477 97085282 262556477 97085288 262556477 129889571 262556477 129889573 262556477 218363689
97085288 -1 41.87386292330792 12.569751179784918 1 0 red
129889571 -1 41.873719681009845 12.569832862297446 2 0 green
129889573 -1 41.87375829944042 12.569775306901978 3 0 red
master 385 262556478 97085288 41.8739141 12.5694987
nodes 262556478 97085288 262556478 129040742 262556478 129889562 262556478 203233739
129889562 -1 41.87402998242353 12.569564198761123 3 0 green
203233739 -1 41.87394515634617 12.569335082917728 1 0 red
master 387 262815536 55901505 41.9870729 12.5111997
nodes 262815536 55901505 262815536 97701985 262815536 97701987 262815536 97701994 262815537 97701987 262815537 143037355 262815537 97701987 262815537 168654709
55901505 -1 41.9871182407244 12.511041933325368 2 0 green
97701985 -1 41.98718611401426 12.511273265224455 2 0 red
168654709 -1 41.98692819625703 12.511228678110255 6 0 red
master 389 262884264 22822471 41.9154223 12.2009306
nodes 262884264 22822471 262884264 59868790 262884264 133931121 262884264 182261484
59868790 -1 41.91550401408511 12.201059007848022 4 0 red
133931121 -1 41.915355128677284 12.201073423693089 3 0 green
182261484 -1 41.91550596302868 12.200804478844995 1 0 red
master 390 264074481 33882799 41.7592422 12.3041732
nodes 264074481 33882799 264074481 35388995 264074481 54967125 264074481 105843313 264074481 131200820
35388995 -1 41.75917645765935 12.304029531410007 9 0 red
131200820 -1 41.75932466316484 12.304045971117102 3 0 green
master 391 265728821 49813655 41.7792058 12.6837122
nodes 265728821 49813655 265728821 77476640 265728821 154350248 265728821 154350250
49813655 -1 41.77908814168401 12.683771627167229 13 0 green
154350248 -1 41.77932514346992 12.683765241542186 10 0 green
master 392 265729052 49799138 41.7762737 12.680313
nodes 265729052 49799138 265729052 49813655 265729052 81633001
49799138 -1 41.7763814702547 12.680226170661314 6 0 green
49813655 -1 41.77619738480495 12.680179019332101 4 0 red
49813655 1 41.77634741544972 12.680449573585147 -1 -1 red
81633001 -1 41.776168591221314 12.680405509646937 17 0 green
master 395 267523996 22951605 41.8957428 12.4655672
nodes 267523996 22951605 267523996 24609537
22951605 -1 41.895658969769904 12.465441319007242 1 0 green
master 396 267524007 24609537 41.8963889 12.4664813
nodes 267524007 24609537 267524007 24609543
24609537 -1 41.89630232617698 12.4663588156607 1 0 green
master 397 268427127 24694985 41.8829493 12.4755946
nodes 268427127 24694985 268427127 24694986
24694986 -1 41.883040334562786 12.475478122226077 1 0 red
master 398 270302535 24875425 41.8457266 12.4900038
nodes 270302535 24875425 270302535 119260069 270302535 189536610
24875425 -1 41.84580579539594 12.490134883550969 1 0 green
189536610 -1 41.84581965960685 12.489890312674573 1 0 green
189536610 1 41.84563794540399 12.490123473467358 -1 -1 green
master 400 277730489 31876635 41.8195182 12.4361793
nodes 277730489 31876635 277730489 33072502 277730489 33072583 277730489 33072584 356949232 31876635 356949232 31876637 356949232 31876635 356949232 33072590 356949232 31876635 356949232 184715390
33072502 -1 41.8194235168788 12.436290295569052 4 0 red
33072583 -1 41.81942801246808 12.436061757219656 1 0 green
33072590 -1 41.81965660097213 12.436182595163332 4 0 red
master 402 279123235 28677439 41.9117348 12.4759937
nodes 279123235 28677439 279123235 204163782
204163782 -1 41.911749915643554 12.476161423399947 4 0 red
master 405 280855459 25752436 41.9031278 12.4711069
nodes 280855459 25752436 280855459 25752439 667936089 52577488 667936089 52577542
25752436 -1 41.90324964125966 12.471148574920166 3 0 green
master 406 280856377 25752479 41.9014724 12.4639014
nodes 280856377 25752479 280856377 25752494
25752479 -1 41.90138286255015 12.46401998606429 1 0 green
master 407 280856491 25752498 41.8997826 12.4640836
nodes 280856491 25752498 280856491 25752503
25752503 -1 41.899774965861454 12.463914994597234 1 0 red
master 408 289798713 26445338 41.931589 12.4596447
nodes 289798713 26445338 289798713 37117127
37117127 -1 41.931650345586554 12.459497181121266 1 0 red
master 410 292462756 26664928 41.9354958 12.4215667
nodes 292462756 26664928 292462756 240299043
26664928 -1 41.935582760301 12.421444635328193 3 0 green
240299043 -1 41.93559259035083 12.421674569301627 4 0 red
240299043 1 41.93539756501921 12.421461217460628 -1 -1 red
master 411 294024144 26802944 41.905403 12.4449872
nodes 294024144 26802944 294024144 33241533 294024144 33241540 294024144 169849727 294024145 22989606 294024145 33241548 294024145 22989606 294024145 60611170 294024145 22989606 294024145 169849727
26802944 -1 41.90530499302203 12.445093015226222 6 0 green
33241540 -1 41.90530793872132 12.444876639599805 2 0 green
169849727 -1 41.90537598353069 12.445015604815651 1 0 red
master 414 294046048 48562769 41.9063557 12.4144303
nodes 294046048 48562769 294046048 60710001
48562769 -1 41.906413249797225 12.414580497865837 2 0 green
master 416 295223921 26944089 41.9185523 12.5385739
nodes 295223921 26944089 295223921 122365895
26944089 -1 41.91843069047391 12.538531010331432 11 0 green
122365895 -1 41.91859224457494 12.538413687520082 2 0 red
master 417 295396432 108881085 41.9287035 12.469615
nodes 295396432 108881085 295396432 169542375 295396432 169542376
169542375 -1 41.92874275608499 12.469775545065067 2 0 red
master 418 295793390 26986415 41.910547 12.5719461
nodes 295793390 26986415 295793390 26986420 295793390 122365901 295793390 129889537
26986420 -1 41.91059084601605 12.572104439366276 1 0 red
129889537 -1 41.910668145674116 12.571900907161034 3 0 red
master 419 295793394 26986420 41.9106589 12.5723502
nodes 295793394 26986420 295793394 122365900 295793394 203229896
122365900 -1 41.91053718204627 12.572392525249569 1 0 red
203229896 -1 41.91070243034464 12.572508696924803 22 0 green
master 424 297139550 27083363 41.9452364 12.5532021
nodes 297139550 27083363 297139550 121737038 297139550 220662226 1178278061 27083363 1178278061 95838935
27083363 -1 41.945130547219044 12.55329331218824 10 0 green
121737038 -1 41.94515147304086 12.553077456269639 2 0 red
95838935 -1 41.94540970984694 12.553174690654105 6 0 red
master 426 297717448 27135925 41.9238916 12.4652455
nodes 297717448 27135925 297717448 121470490
121470490 -1 41.923846836301465 12.465403407805525 6 0 red
121470490 1 41.92393747391425 12.46508816861067 -1 -1 red
master 427 297721619 28209303 41.9191715 12.4727882
nodes 297721619 28209303 297721619 121464275 297721619 121464277
121464275 -1 41.91929227263414 12.472741232223232 1 0 red
master 431 298922011 27237444 41.8298455 12.4804837
nodes 298922011 27237444 298922011 36806555 298922011 56266494 298922011 145201011 339039665 27237444 339039665 36165152 339039665 27237444 339039665 185168193
27237444 -1 41.82987852623046 12.480320892915774 1 0 green
145201011 -1 41.8297265851896 12.480428911377007 7 0 red
185168193 -1 41.82999520173915 12.480387394419155 4 0 red
master 432 299617012 36912205 41.8693663 12.4677296
nodes 299617012 36912205 299617012 36912206 299617012 69226770
69226770 -1 41.869488177967746 12.467688141190983 7 0 green
master 433 299617032 27293652 41.8706243 12.4665722
nodes 299617032 27293652 299617032 33819394 299617032 60547259 299617032 60547261 299617032 163826564
33819394 -1 41.87074898181993 12.46655047034272 5 0 red
163826564 -1 41.87071395903444 12.466690563648775 2 0 green
master 434 299617036 36911758 41.8711231 12.4673014
nodes 299617036 36911758 299617036 202332593
202332593 -1 41.87124863383451 12.46731076582731 1 0 red
master 435 299617039 8043279 41.8709525 12.4676586
nodes 299617039 8043279 299617039 96849345
8043279 -1 41.870921184983565 12.467495080055295 1 0 green
master 437 299618217 27293823 41.8624195 12.5329077
nodes 299618217 27293823 299618217 27293824 299618217 122411450 299618217 122411453
27293823 -1 41.86232678426574 12.532793676923083 5 0 green
122411450 -1 41.86230407613686 12.53297463108997 3 0 green
master 440 299843231 27317195 41.9195475 12.4355949
nodes 299843231 27317195 299843231 27318214 299843231 147532905
27317195 -1 41.91956102146333 12.435762889484646 4 0 green
master 443 300097445 55443274 41.8467528 12.6225852
nodes 300097445 55443274 300097445 181024048 300097445 202753974
55443274 -1 41.8466967715726 12.622736291675093 3 0 green
202753974 -1 41.84663274478184 12.622535077399117 2 0 green
master 445 300138343 27340925 41.9508025 12.4682557
nodes 300138343 27340925 300138343 27340963 300138343 60928120 300138343 191709604
191709604 -1 41.9508958659267 12.468142480573167 2 0 red
master 446 301336162 27445343 41.9104052 12.4996713
nodes 301336162 27445343 301336162 106746605
106746605 -1 41.9103338743318 12.499810427647036 4 0 red
106746605 1 41.910475419965316 12.499531160154696 -1 -1 red
master 448 301490500 40727077 41.872174 12.5764346
nodes 301490500 40727077 301490500 99435303 301490500 181406466 335396160 99435303 335396160 179969494
40727077 -1 41.872205170702415 12.576271027097668 2 0 green
99435303 -1 41.87229436514166 12.576483384773793 1 0 red
99435303 1 41.872053215296965 12.576387723217234 -1 -1 red
181406466 -1 41.87214171645763 12.576597782952879 7 0 green
179969494 -1 41.87200321809894 12.576511385347663 8 0 red
179969494 1 41.87206169213834 12.576182963581324 -1 -1 red
master 449 301492120 27511064 41.8652899 12.5864794
nodes 301492120 27511064 301492120 79080799 301492120 125781198 301492120 202753986 302024103 27511195 302024103 125781198 302024103 27511195 302024103 125816036 302024103 27511195 302024103 125816037
79080799 -1 41.86541471276062 12.586499727192368 5 0 red
202753986 -1 41.865269174952545 12.586645916408154 2 0 red
125781198 -1 41.86529938831905 12.586481274541711 1 0 red
125816037 -1 41.86519392826377 12.58628979841959 6 0 red
master 450 301494852 122375386 41.8367792 12.6006012
nodes 301494852 122375386 301494852 122400053 301494852 122948911
122375386 -1 41.83672398237897 12.600752805055208 16 0 green
122400053 -1 41.83689822592958 12.600655558298552 7 0 red
master 451 301651514 128623573 41.8750564 12.5974286
nodes 301651514 128623573 301651514 128623574 301651514 128623575 301651514 142981163
128623574 -1 41.875171572159275 12.597360877879266 6 0 red
128623575 -1 41.875080604788394 12.597594293420249 1 0 green
142981163 -1 41.8750307995491 12.597263286025708 2 0 red
master 452 301653388 27473345 41.8706199 12.5979605
nodes 301653388 27473345 301653388 49898693 301653388 128623571
49898693 -1 41.87064693878426 12.597795610408548 1 0 red
128623571 -1 41.87074204736483 12.598000504329171 6 0 green
128623571 1 41.870498358299315 12.597917297224074 -1 -1 green
master 453 301656167 128623571 41.8732079 12.5984206
nodes 301656167 128623571 301656167 128623573 301656167 128623577 301656167 142981161
128623573 -1 41.87333218620119 12.598395107656392 4 0 red
142981161 -1 41.87321117991449 12.598589389445646 8 0 red
master 454 301689618 27478879 41.8606414 12.569722
nodes 301689618 27478879 301689618 95670249 301689618 119384945 301689618 124066227
27478879 -1 41.86069312351771 12.569875866598906 2 0 green
95670249 -1 41.860760974590725 12.569669836587938 5 0 red
master 455 302024079 27511030 41.8695664 12.5683367
nodes 302024079 27511030 302024079 125860592 302024079 125860595 302024079 129889508 302024079 129889522 302024410 125816038 302024410 125860592 302024410 125816038 302024410 129040740 302024410 125816038 302024410 129040744
27511030 -1 41.869585165699 12.56816975393395 2 0 green
129889508 -1 41.869441778090106 12.568314359571229 10 0 red
129889522 -1 41.869456429869125 12.568254861763068 16 0 green
125860592 -1 41.8695755442244 12.568338153522237 1 0 red
master 458 302024499 125860593 41.8697549 12.5679262
nodes 302024499 125860593 302024499 129040744 302024499 129889530
129040744 -1 41.86973370351959 12.568092621015047 2 0 red
129889530 -1 41.869879604979154 12.567947688370078 2 0 green
master 459 302143258 28604277 41.8587355 12.5915477
nodes 302143258 28604277 302143258 79575763 302143258 148634411 302143258 185552022 302143258 185552028 302143258 185552065 302143260 121803833 302143260 121803852 302143260 121803833 302143260 185552022 302143260 121803833 302143260 185552062
79575763 -1 41.85861647638042 12.591493314082705 1 0 red
148634411 -1 41.85869586040198 12.591707898585932 9 0 green
185552028 -1 41.85874148849029 12.591716317099285 2 0 green
185552022 -1 41.85872409738511 12.591593191268492 1 0 red
185552062 -1 41.858884017419555 12.591484347550422 1 0 red
master 464 302159129 29984187 41.8538747 12.5678027
nodes 302159129 29984187 302159129 122400059 302159129 148628644 302159129 190525644 302219501 29984187 302219501 123981336 302219501 29984187 302219501 123981338 302219501 29984187 302219501 125860586
122400059 -1 41.85379407359606 12.567932218255287 2 0 red
148628644 -1 41.8539642565167 12.567921172609054 1 0 green
125860586 -1 41.85383783247895 12.567519160260275 22 0 red
master 465 302197733 27526161 41.8572512 12.5368888
nodes 302197733 27526161 302197733 111822538 302197733 124198524 302197733 124198526
27526161 -1 41.85732831071915 12.53702212831048 3 0 green
124198524 -1 41.857148740787025 12.536986632022716 10 0 green
master 467 302222257 27528739 41.8586127 12.5588682
nodes 302222257 27528739 302222257 125860586 302222257 220530149
125860586 -1 41.858690277866124 12.558735357727796 5 0 red
220530149 -1 41.858714259944776 12.558967710232348 1 0 green
master 468 302709729 28606002 41.8406061 12.5877229
nodes 302709729 28606002 302709729 35683337 302709729 122379763
28606002 -1 41.84055395815731 12.587876463540148 6 0 green
35683337 -1 41.84048127906317 12.587743128592106 8 0 red
master 474 303521989 27634636 41.9579924 12.3992077
nodes 303521989 27634636 303521989 27634769 303521989 27637554 303521989 48925883
27634769 -1 41.95791006549475 12.39933547447108 6 0 red
27637554 -1 41.958066658562906 12.399071269228822 9 0 green
48925883 -1 41.95789938207343 12.39909395166561 9 0 red
master 476 303876713 27669103 41.8670847 12.4966636
nodes 303876713 27669103 303876713 106115043 303876713 124195102
106115043 -1 41.86696197717358 12.496700288651308 1 0 red
master 479 305007928 27778300 42.1088515 12.1792198
nodes 305007928 27778300 305007928 27778327 305007928 127352058 305007928 127352059
27778300 -1 42.108748421760794 12.179122764678985 24 0 green
127352059 -1 42.108931512054326 12.179089072405615 8 0 red
master 480 305206841 28010875 41.9043773 12.4102442
nodes 305206841 28010875 305206841 48523357 305206841 68830215
28010875 -1 41.904276788482775 12.4103456834716 6 0 green
master 481 305861162 33819351 41.8725854 12.4674801
nodes 305861162 33819351 305861162 96898375 305861162 112071157
96898375 -1 41.872459744085155 12.467474406472626 1 0 red
master 482 305864030 77169013 41.8732954 12.4660217
nodes 305864030 77169013 305864030 122755759 305864030 145203690
145203690 -1 41.873180810946984 12.46609118098135 1 0 green
master 484 305865708 27856766 41.8739512 12.4658602
nodes 305865708 27856766 305865708 33680795 305865708 77169005 305865708 210593672
210593672 -1 41.874076795082146 12.46585245500278 3 0 red
master 485 305933455 171045844 41.9266712 12.5057839
nodes 305933455 171045844 305933455 171045848 305933455 171045850
171045844 -1 41.926602480241094 12.505925411999597 2 0 green
171045848 -1 41.92677686735828 12.505875473903059 1 0 red
master 486 305938174 27865623 41.936136 12.5087877
nodes 305938174 27865623 305938174 102327237 305938174 121911156
102327237 -1 41.936261568408916 12.508779202457923 2 0 red
master 488 306684875 93997047 41.8553078 12.4585192
nodes 306684875 93997047 306684875 156645772 306684875 232132611 306684875 236777918
232132611 -1 41.85518328518127 12.45849581272711 7 0 green
236777918 -1 41.85543164637496 12.45854828978282 3 0 red
master 490 307879670 34585178 41.908405 12.5397642
nodes 307879670 34585178 307879670 34585179 307879670 34585180 307879670 34585181
34585178 -1 41.908400252195925 12.539595380540183 2 0 green
34585180 -1 41.908530726279 12.53976348156412 1 0 green
master 491 309309555 28676357 41.9109762 12.4927812
nodes 309309555 28676357 309309555 118563950 309309555 185586081 309309555 185586082
118563950 -1 41.91085384027976 12.492820040791928 3 0 red
185586081 -1 41.9109859412749 12.492949638937825 1 0 green
master 495 313617600 28549400 41.8196396 12.6120143
nodes 313617600 28549400 313617600 122401593 313617600 137112602
28549400 -1 41.81973985309666 12.61211610961159 12 0 green
137112602 -1 41.819561015806386 12.612145990642532 15 0 green
master 496 314363457 79561697 41.8428469 12.5837828
nodes 314363457 79561697 314363457 122374404 314363457 202710210
79561697 -1 41.84295096008276 12.583688084087944 5 0 green
202710210 -1 41.84292662084325 12.583652297599723 4 0 green
master 497 315019924 77034083 41.8104243 12.6607622
nodes 315019924 77034083 315019924 203270663
77034083 -1 41.81047244192514 12.66060637434792 10 0 green
203270663 -1 41.81051162774728 12.660640847745809 14 0 red
203270663 1 41.810352685301076 12.660900842276217 -1 -1 red
master 498 315020541 28664107 41.8107441 12.6603178
nodes 315020541 28664107 315020541 203270663
28664107 -1 41.810619146046584 12.660299118158925 3 0 green
203270663 -1 41.81082471163555 12.660188351953973 13 0 red
203270663 1 41.81065677225272 12.660439152254192 -1 -1 red
master 500 324622371 27882309 41.9560255 12.4821386
nodes 324622371 27882309 324622371 163065469 618017588 48410820 618017588 48676294
163065469 -1 41.95607239363712 12.482295466422046 6 0 red
master 507 332012026 40816878 41.8927982 12.5417354
nodes 332012026 40816878 332012026 76376010 332012026 98610973 332012026 202564596 900784295 40816879 900784295 76376016 900784295 40816879 900784295 122157089 900784295 40816879 900784295 218859470
98610973 -1 41.89282440078374 12.541900590557741 1 0 green
202564596 -1 41.89292383881866 12.541729060426581 8 0 red
122157089 -1 41.89270171192376 12.541923724809285 1 0 red
218859470 -1 41.89277396443582 12.542072385086422 4 0 red
master 510 332041317 22947125 41.935565 12.5343268
nodes 332041317 22947125 332041317 30131529 332041317 95806973 332041317 191643761
22947125 -1 41.93544059430252 12.534351242275694 1 0 green
191643761 -1 41.935683762548265 12.534271327837956 4 0 red
master 512 332047784 30132488 41.9307888 12.5269788
nodes 332047784 30132488 332047784 130410692 332047784 130410699 332047784 167703047
30132488 -1 41.93089748178748 12.527063767294203 5 0 green
167703047 -1 41.93086940418882 12.526849100532544 2 0 red
master 514 335382476 27478503 41.862396 12.5688634
nodes 335382476 27478503 335382476 30386699 335382476 69922463 335382476 69922467 335382476 95670249 335382476 129889555
30386699 -1 41.862391396747796 12.568694694844744 7 0 red
129889555 -1 41.86251379680799 12.56880439150553 3 0 red
master 515 335382544 30386643 41.8623987 12.5693024
nodes 335382544 30386643 335382544 124066228 335382544 184921832 335382544 185888881
184921832 -1 41.862280008955814 12.569358083892531 16 0 green
185888881 -1 41.86239116859464 12.569133884805138 2 0 red
master 520 347302260 34023617 41.7226059 12.3278883
nodes 347302260 34023617 347302260 36396505
36396505 -1 41.722516949415656 12.327769252489569 1 0 red
master 521 352880681 33447889 41.7623243 12.2673077
nodes 352880681 33447889 352880681 33448532 352880681 33448977 352880681 159328254 365952613 33447869 365952613 33448531 365952613 33447869 365952613 33448978
33447889 -1 41.76224679813686 12.267174978059368 1 0 green
33448532 -1 41.76242245103893 12.267202361548751 1 0 red
159328254 -1 41.76240030833323 12.267441966272788 3 0 red
33448531 -1 41.762365006062325 12.267104086307038 1 0 red
master 527 365741835 27065788 41.9349297 12.4632578
nodes 365741835 27065788 365741835 196106683
27065788 -1 41.93499766751702 12.463399985618194 5 0 green
master 532 370038866 32847658 41.7913662 12.6940295
nodes 370038866 32847658 370038866 78459054
32847658 -1 41.79131641844506 12.693874650643982 18 0 green
32847658 1 41.79144467811422 12.694161246778341 -1 -1 green
master 533 370039024 59994067 41.772392 12.7714885
nodes 370039024 59994067 370039024 138637636 370039024 139024476
59994067 -1 41.772489447512534 12.771595022447194 39 0 green
138637636 -1 41.77244990560553 12.771338862742162 16 0 red
138637636 1 41.77232450548194 12.771630730029836 -1 -1 red
139024476 -1 41.772268396229514 12.77145764623439 50 0 green
master 534 374482275 37589731 41.8983457 12.4301326
nodes 374482275 37589731 374482275 90941535
37589731 -1 41.898220018484416 12.430137163853919 2 0 green
90941535 -1 41.89825234176192 12.430019462474194 3 0 red
master 540 376973642 33230055 41.9161661 12.4225341
nodes 376973642 33230055 376973642 218067096
218067096 -1 41.91629182303628 12.422535510258403 3 0 red
master 542 380444328 71317379 41.5836402 12.6531539
nodes 380444328 71317379 380444328 71319574 380444328 183315657 380444328 183318483
71319574 -1 41.58351448799652 12.65315653180066 3 0 red
183318483 -1 41.58363996985312 12.653321987275142 8 0 red
master 543 380595834 33447297 41.7679178 12.2496137
nodes 380595834 33447297 380595834 33447335
33447297 -1 41.76783889362334 12.249482462729825 8 0 green
33447297 1 41.767995052264396 12.249746695342354 -1 -1 green
33447335 -1 41.76801770084061 12.249511351397176 2 0 red
33447335 1 41.76781741118296 12.249715185080259 -1 -1 red
master 544 382007258 33510720 41.8395471 12.5457014
nodes 382007258 33510720 382007258 56284479 382007258 95745404 382007258 95745438
56284479 -1 41.839455557471716 12.545817078034798 7 0 red
95745404 -1 41.83948143540885 12.545557487319797 2 0 green
95745438 -1 41.839642750385984 12.545591873369924 1 0 red
master 545 383971456 33608348 41.9340032 12.4397889
nodes 383971456 33608348 383971456 33608349 383971456 48605344
48605344 -1 41.934095620747776 12.43967431727672 3 0 green
master 546 387430860 33819394 41.8709106 12.467208
nodes 387430860 33819394 387430860 36911759 387430860 163826564
36911759 -1 41.87095061528801 12.46736806115207 1 0 red
master 547 389908644 34023580 41.7304113 12.337646
nodes 389908644 34023580 389908644 131406124 389908661 34023587 389908661 36396500
131406124 -1 41.73050132945019 12.337763598779878 6 0 red
36396500 -1 41.730478314673924 12.33794362805552 1 0 red
master 548 389908654 34023583 41.7301025 12.3376545
nodes 389908654 34023583 389908654 36396501
36396501 -1 41.73001313716184 12.337535994359609 1 0 red
master 555 391286027 34127584 41.8357213 12.4722444
nodes 391286027 34127584 391286027 34127680 391286027 102159438 391286027 123964313
102159438 -1 41.83560300395233 12.472187244617269 2 0 green
master 556 391287246 30704069 41.8360118 12.4718452
nodes 391287246 30704069 391287246 34127681
30704069 -1 41.83612894644377 12.471906473103534 8 0 green
master 565 410753327 229538789 41.8914515 12.4904147
nodes 410753327 229538789 410753327 229538793
229538793 -1 41.89152754380113 12.490280198702033 2 0 red
master 568 414120454 35330648 41.8658919 12.4789596
nodes 414120454 35330648 414120454 140943595
140943595 -1 41.86601676273719 12.478979366352528 13 0 red
master 571 419427523 35884553 41.8511125 12.4267339
nodes 419427523 35884553 419427523 122104114
122104114 -1 41.85111533315902 12.426565154284592 6 0 red
122104114 1 41.85110439301476 12.426902337253468 -1 -1 red
master 579 424352186 36386966 41.7652015 12.3832073
nodes 424352186 36386966 424352186 237303915
36386966 -1 41.76529095132354 12.3833257522132 1 0 green
master 606 429291037 36912691 41.8707152 12.4675675
nodes 429291037 36912691 429291037 122106658
122106658 -1 41.8705920337761 12.467601405722917 2 0 red
master 614 445616617 37947187 41.8539345 12.5434382
nodes 445616617 37947187 445616617 60258291 445616617 111822528 445616621 37947184 445616621 37947185 445616621 37947184 445616621 93381763
37947187 -1 41.8538349755953 12.54333505652604 1 0 green
111822528 -1 41.85387745880841 12.543588623983302 12 0 green
93381763 -1 41.85393336513026 12.543226705257657 1 0 red
master 616 458406166 119161618 41.8776508 12.5193497
nodes 458406166 119161618 458406166 142391301
142391301 -1 41.87755834737457 12.519464134740746 2 0 red
master 618 471051080 39316430 41.8365522 12.5517427
nodes 471051080 39316430 471051080 73369988
73369988 -1 41.8365316938379 12.551576209493405 2 0 red
73369988 1 41.83662684371409 12.551878491733376 -1 -1 red
master 633 496332081 40819890 41.8791043 12.5448064
nodes 496332081 40819890 496332081 125860578
125860578 -1 41.87904526924654 12.544955492692727 17 0 red
master 634 498353383 29702431 41.8718729 12.5336731
nodes 498353383 29702431 498353383 202554368
29702431 -1 41.87182433133485 12.533828836480627 2 0 green
master 636 518424430 41895790 42.0556169 12.6353996
nodes 518424430 41895790 518424430 230520662
41895790 -1 42.055498313851686 12.63534334432396 18 0 green
41895790 1 42.055738693735904 12.635441625924654 -1 -1 green
230520662 -1 42.05557237075991 12.635557954703936 16 0 red
230520662 1 42.055669395077665 12.635245735117199 -1 -1 red
master 637 534830221 42772612 41.7661295 12.6163364
nodes 534830221 42772612 534830221 218413338
218413338 -1 41.76625501537435 12.616346185769851 1 0 red
218413338 1 41.76600381136721 12.616332213480034 -1 -1 red
master 665 614372553 48367239 41.8613905 12.4632703
nodes 614372553 48367239 614372553 93997046 614372553 112794850 1092738957 93997048 1092738957 112795101
48367239 -1 41.86143109021319 12.463110523901369 3 0 green
112795101 -1 41.861562736234326 12.463175663358323 3 0 red
master 674 617022142 48579140 41.8943737 12.4375727
nodes 617022142 48579140 617022142 101600508
48579140 -1 41.894468490738205 12.437683660050352 3 0 green
master 680 617655386 106755575 41.873102 12.4968969
nodes 617655386 106755575 617655386 106755578
106755575 -1 41.87309463630524 12.497065456769041 1 0 green
master 695 623070587 71313261 41.5916011 12.6459352
nodes 623070587 71313261 623070587 173067309 623070587 183315702 623070587 183318480
71313261 -1 41.59154535827479 12.646085882797454 1 0 green
173067309 -1 41.591489124900946 12.64585875273268 2 0 red
183315702 -1 41.59171466685735 12.646007327990887 5 0 green
master 699 633164526 49834547 41.7842503 12.6437181
nodes 633164526 49834547 633164526 49834549 633164526 209059659
49834547 -1 41.78435069543709 12.643616599798815 8 0 green
209059659 -1 41.7842340129383 12.64355090832576 26 0 green
master 700 633506431 32847658 41.791348 12.6853348
nodes 633506431 32847658 633506431 49858264
32847658 -1 41.79137424854221 12.685169884506788 2 0 green
32847658 1 41.79132445413431 12.685500447230527 -1 -1 green
49858264 -1 41.7912242454027 12.68530504441459 27 0 red
master 701 634184270 97782854 41.9404504 12.4810046
nodes 634184270 97782854 634184270 97782856
97782856 -1 41.9403565838174 12.480892074255845 1 0 red
master 715 735453142 28039287 41.8972243 12.4352148
nodes 735453142 28039287 735453142 186175112
28039287 -1 41.89714065197996 12.43508869745721 17 0 green
186175112 -1 41.897181801696604 12.435055831987318 3 0 red
master 717 735453371 101868038 41.8987648 12.4273366
nodes 735453371 101868038 735453371 121902121
121902121 -1 41.898881859373965 12.427274967276595 2 0 red
master 723 743373256 33102937 41.9169344 12.196676
nodes 743373256 33102937 743373256 51844134 743373256 159378388
33102937 -1 41.917031983817026 12.196782538327867 1 0 green
51844134 -1 41.916848142688806 12.196553073239036 23 0 red
master 727 750026926 28039311 41.8961211 12.4390613
nodes 750026926 28039311 750026926 109137645
28039311 -1 41.89624649457045 12.439049017616107 14 0 green
master 731 756201287 60547547 41.8625681 12.4639513
nodes 756201287 60547547 756201287 60547548 756201287 185130638
60547547 -1 41.86244245185304 12.463945306183803 3 0 green
185130638 -1 41.862687424302464 12.464004488393504 1 0 green
master 745 775894077 62202462 41.943368 12.4843825
nodes 775894077 62202462 775894077 222776905
62202462 -1 41.943493343814495 12.484369305914264 1 0 green
222776905 -1 41.94346132248627 12.484495771713778 8 0 red
master 766 826864919 68830217 41.9046774 12.410108
nodes 826864919 68830217 826864919 164654892
68830217 -1 41.90478525239741 12.41019481989221 1 0 green
master 782 849550867 24065448 41.5908371 12.6517671
nodes 849550867 24065448 849550867 71396276 849550867 173067318
24065448 -1 41.59095122541237 12.651837633331432 3 0 green
173067318 -1 41.590892567373636 12.651616237376762 8 0 green
master 783 860029068 72421696 41.6038203 12.6521271
nodes 860029068 72421696 860029068 72421697 860029068 175926873 860029068 183322485
72421697 -1 41.6037205444532 12.652229441003737 3 0 red
175926873 -1 41.60391006203133 12.652244832684683 39 0 green
master 784 860031599 175926873 41.6040303 12.6523804
nodes 860031599 175926873 860031599 183322489
175926873 -1 41.60413427213735 12.652474937808705 37 0 green
175926873 1 41.60393368312584 12.652272807863746 -1 -1 green
183322489 -1 41.60390878596293 12.652337236400028 2 0 red
master 785 870143755 73369991 41.8335697 12.5535056
nodes 870143755 73369991 870143755 124198518 870143755 124198520
73369991 -1 41.83350487739212 12.553361014716524 1 0 green
124198518 -1 41.833679950382646 12.5534244895415 2 0 red
master 791 900784278 76376002 41.8926154 12.5419235
nodes 900784278 76376002 900784278 76376013 900784278 122157087 900784278 141760476
76376013 -1 41.89248968738238 12.541926091290724 3 0 red
122157087 -1 41.89259129527224 12.541757735025103 1 0 green
master 793 905087639 24242394 41.7878885 12.6819075
nodes 905087639 24242394 905087639 76840490
24242394 -1 41.787765267634605 12.681874073848833 23 0 green
24242394 1 41.7880120863533 12.681938486534724 -1 -1 green
76840490 -1 41.78793411098378 12.681750364759248 3 0 red
master 794 906824376 77007583 41.8037939 12.6646933
nodes 906824376 77007583 906824376 207178826
207178826 -1 41.803798598753815 12.664861846039587 27 0 red
207178826 1 41.80378296424864 12.664525275396768 -1 -1 red
master 795 906824410 77007583 41.803615 12.6646595
nodes 906824410 77007583 906824410 77007585 906824410 162291295
77007583 -1 41.803740638520615 12.664653158623565 2 0 green
77007585 -1 41.80354779819916 12.664802048017464 3 0 red
77007585 1 41.80367726043789 12.66451296888758 -1 -1 red
162291295 -1 41.80350819776371 12.66457050855209 6 0 green
master 796 908096539 129889513 41.9161024 12.5688809
nodes 908096539 129889513 908096539 190242370
129889513 -1 41.91621816493154 12.568814984024742 7 0 green
190242370 -1 41.916048507801534 12.568728248969347 2 0 red
master 807 914368191 77745421 42.1292338 12.1339576
nodes 914368191 77745421 914368191 116805521 914368191 118431330
77745421 -1 42.129354451507346 12.133909916352232 4 0 green
118431330 -1 42.12928150554602 12.13380074994721 7 0 green
master 817 916150257 77951783 42.1290476 12.1333445
nodes 916150257 77951783 916150257 77951785 916150257 118431330
77951783 -1 42.129103419215475 12.133192596320738 1 0 green
master 823 925227765 30928595 41.8586809 12.5591655
nodes 925227765 30928595 925227765 190525644 925227765 220530146
30928595 -1 41.85858027658899 12.559064289292815 1 0 green
190525644 -1 41.85860337120888 12.559298392967554 16 0 red
master 825 937211764 204981320 41.8712122 12.8155824
nodes 937211764 204981320 937211764 204981321
204981321 -1 41.871164749415605 12.815426044783495 5 0 red
master 826 951437854 81632776 41.7938483 12.6681755
nodes 951437854 81632776 951437854 199073021 951437854 231632435
199073021 -1 41.7937586918322 12.668293790354351 1 0 red
master 832 972145968 34409200 41.8630798 12.4784682
nodes 972145968 34409200 972145968 83487041
34409200 -1 41.86320445042583 12.4784902495081 4 0 green
master 833 972146009 83487025 41.9017316 12.4258384
nodes 972146009 83487025 972146009 109137652
109137652 -1 41.90161465990744 12.425900442731676 8 0 red
master 837 1055607824 25731312 41.8994592 12.4274191
nodes 1055607824 25731312 1055607824 123870286
25731312 -1 41.89939025066707 12.427560349743981 2 0 green
master 838 1074368849 121897309 41.902063 12.4714928
nodes 1074368849 121897309 1074368849 220274294
220274294 -1 41.90201470105287 12.471336838658758 2 0 red
master 840 1076392158 65755012 41.8781393 12.5238549
nodes 1076392158 65755012 1076392158 108734536
65755012 -1 41.878225034288924 12.523731389040014 4 0 green
master 841 1080438427 24057909 41.8949487 12.5752337
nodes 1080438427 24057909 1080438427 24163255 1080438427 222962282 1080438427 222962284 1212541563 24057909 1212541563 105215543 1212541563 24057909 1212541563 105215549 1212541563 24057909 1212541563 222962280
24057909 -1 41.89484191771048 12.575144538011884 1 0 green
24163255 -1 41.894889047981515 12.575382382975413 3 0 red
105215543 -1 41.89470436082211 12.575051571046977 1 0 red
222962280 -1 41.89483692608775 12.574957461732254 1 0 red
master 859 1141257731 120512037 41.916992 12.4545665
nodes 1141257731 120512037 1141257731 190983373
120512037 -1 41.91708566693261 12.454679209111214 4 0 green
190983373 -1 41.917105947594216 12.45449509284096 6 0 red
master 864 1163140253 100610293 41.9156345 12.5473079
nodes 1163140253 100610293 1163140253 144074551
144074551 -1 41.91568762173135 12.547154762871008 5 0 red
master 869 1163171788 100612019 41.9208965 12.4586642
nodes 1163171788 100612019 1163171788 120512038 1163171788 169506730 1163171788 169506736
100612019 -1 41.92092913619866 12.458501019006706 1 0 green
169506730 -1 41.921022160820065 12.458669699048253 1 0 green
master 871 1172959364 27467278 41.8775368 12.4525195
nodes 1172959364 27467278 1172959364 101600485
27467278 -1 41.877422821921186 12.452448224879866 26 0 green
101600485 -1 41.877520275466196 12.452352106472574 3 0 red
master 890 1224508901 50638824 41.9087472 12.4045024
nodes 1224508901 50638824 1224508901 106431582
50638824 -1 41.90873275455535 12.404670222077462 15 0 green
master 892 1227925141 93470432 41.9062834 12.4998886
nodes 1227925141 93470432 1227925141 201496101
93470432 -1 41.90619659691304 12.499766389584703 2 0 green
master 905 1324418333 117590489 41.8567178 12.4772269
nodes 1324418333 117590489 1324418333 121392505
117590489 -1 41.85682310745175 12.477134681610046 5 0 green
121392505 -1 41.85673391036144 12.477059488111513 1 0 red
master 935 1417675477 209185931 41.9010731 12.4665209
nodes 1417675477 209185931 1417675477 209185935
209185935 -1 41.9009476933347 12.466532958333202 5 0 red
master 945 1542136367 28677119 41.9097847 12.4885223
nodes 1542136367 28677119 1542136367 192081371
28677119 -1 41.909790851571 12.48869104131413 1 0 green
master 965 1578970463 48520551 41.9020562 12.4253969
nodes 1578970463 48520551 1578970463 184842003 1578970463 184842006
48520551 -1 41.90200649197618 12.425552060045787 1 0 green
184842006 -1 41.902001339771346 12.42524490629292 1 0 green
master 1063 1721620379 23036838 41.9223299 12.4927083
nodes 1721620379 23036838 1721620379 201611851
23036838 -1 41.92238089634817 12.49255384731408 1 0 green
master 1065 1731824809 28523867 41.9134416 12.4674133
nodes 1731824809 28523867 1731824809 161183817 1731824809 202304098
28523867 -1 41.91348231658551 12.467573148579145 1 0 green
master 1072 1762091900 51080363 41.8635928 12.4693503
nodes 1762091900 51080363 1762091900 194712759
51080363 -1 41.863715568613266 12.469313890401997 2 0 green
master 1141 1804897069 232714956 41.867542 12.4793676
nodes 1804897069 232714956 1804897069 239517347
232714956 -1 41.86766668503672 12.479389295322525 1 0 green
232714956 1 41.867417325203405 12.47934579894267 -1 -1 green
239517347 -1 41.86749905199987 12.479526276144151 3 0 red
master 1168 1824825919 171460421 41.8671596 12.4842421
nodes 1824825919 171460421 1824825919 239517338
239517338 -1 41.867168759090156 12.48407371763067 1 0 red
master 1234 1931074912 27081327 41.9278866 12.5643968
nodes 1931074912 27081327 1931074912 69554850 1931074912 144049097 1931074912 184783682
69554850 -1 41.92776324600386 12.564364119201022 3 0 red
144049097 -1 41.92792601633363 12.564236327929668 2 0 green
master 1283 2026766352 26664764 41.9121127 12.5072638
nodes 2026766352 26664764 2026766352 247809428
26664764 -1 41.91202532484073 12.507142316707611 10 0 green
master 1284 2026766353 23036819 41.9121522 12.5077116
nodes 2026766353 23036819 2026766353 192114475 2026766353 192114477
23036819 -1 41.91206109069444 12.507828024180952 1 0 green
master 1320 2111541715 201204228 41.7437921 12.6499586
nodes 2111541715 201204228 2111541715 201204229 2111541715 201204230
201204229 -1 41.74371115203115 12.650087534525792 1 0 red
201204230 -1 41.743874653599406 12.650085692826583 3 0 green
master 1512 2294028616 25752439 41.9022564 12.4716028
nodes 2294028616 25752439 2294028616 220274297
25752439 -1 41.90237217083268 12.471536916644565 1 0 green
master 1519 2319072806 30702930 41.8948443 12.5748931
nodes 2319072806 30702930 2319072806 222962280 2319072806 222962281 2319072806 222962288
30702930 -1 41.89471927017168 12.574910867888843 2 0 green
222962281 -1 41.89486337329379 12.574726150764478 1 0 green
